103.316002 1.01737618
105.489388 1.12273240
102.480804 1.16233826
121.444038 1.12464416
102.679115 1.15337110
113.494164 1.16800523
102.877274 1.10065782
124.780243 1.24895382
104.781998 1.09427679
95.6089554 1.09631562
111.436829 1.06186676
109.424103 1.11686325
118.763405 1.08216107
113.418175 1.21432590
111.484810 1.10149002
111.437202 1.14972866
108.346008 1.09496522
106.603912 1.08994639
107.181702 1.19939470
100.265434 1.08329082
108.903244 1.12754154
121.024498 1.10905325
123.893303 1.07424641
107.598763 1.15792370
104.739990 1.16643810
97.3990936 1.08824205
110.807732 1.14228630
112.453552 1.09353197
106.915985 1.12227476
101.668861 1.07997322
116.521637 1.13911486
96.3201828 1.09635878
106.168571 1.07418323
110.497650 1.16659856
103.109627 1.12852323
118.701439 1.12073684
112.038910 1.09226716
108.592018 0.972640991
103.990662 1.10944092
110.321571 1.11306894
111.799263 1.16155064
95.3806686 1.12768030
109.828194 1.05671751
101.844681 1.16988218
112.624672 1.16266823
119.263321 1.12188077
123.563583 1.15738297
116.703415 1.12300694
126.695717 1.03876758
108.520775 0.962348938
111.563606 1.09122050
109.382233 1.10343170
105.617668 1.06206083
111.569489 1.06892574
119.333664 1.20750058
119.701202 1.11059284
101.435486 1.16262436
81.2868729 1.13252747
119.520142 1.09258866
110.364616 1.05352330
109.312134 1.10438395
97.4274063 1.16014934
125.693344 1.06700778
110.105125 1.07225895
119.779884 1.16435874
114.131752 1.09533167
107.068924 1.11388493
109.430283 1.13345790
106.347549 1.10479498
132.425430 1.16092765
107.528221 1.09494758
104.623795 1.09253049
105.749794 1.15044045
119.427879 1.07348895
112.904129 1.06922328
135.705093 1.17962658
113.204117 1.12412977
115.807671 1.03912520
119.065979 1.10983753
106.225716 1.12252450
108.237648 1.11400092
113.667130 1.00409389
111.946068 1.08479118
106.690063 1.07943332
115.390297 1.19586062
101.380722 1.11819720
103.170570 1.04653668
126.900017 1.05657268
121.734131 1.16446745
113.898125 1.10172582
119.172195 1.08766115
108.503052 1.10566521
109.932625 1.11329854
101.335693 1.14106548
107.626442 1.10098100
106.072670 1.21573663
106.337418 1.13836539
116.324471 1.15052795
95.5801468 1.25231719
111.221230 1.10762656
